0.00 0.49 0.95 1.34 1.84 2.06 2.07 2.07 3.18 3.81
-0.49 0.00 0.49 0.95 1.33 1.61 1.72 1.72 1.72 1.72
-0.95 -0.49 0.00 0.49 0.95 1.28 1.38 1.37 1.37 1.37
-1.34 -0.95 -0.49 0.00 0.45 0.75 0.94 0.97 0.98 0.98
-2.03 -1.60 -1.06 -0.49 0.00 0.28 0.40 0.49 0.53 0.57
-3.55 -2.79 -2.04 -1.33 -0.55 0.00 0.07 0.08 0.08 0.08
-5.12 -4.36 -3.57 -2.66 -1.64 -0.72 0.00 0.00 0.00 0.00
-6.38 -5.78 -5.11 -4.38 -3.40 -2.28 -1.04 0.00 0.00 0.00
-7.92 -7.16 -6.40 -5.80 -5.09 -4.33 -3.12 -1.50 0.00 0.00
-8.01 -8.01 -8.01 -6.82 -6.62 -5.59 -5.59 -4.33 -2.41 0.00
