-15.71 -28.92 -43.36 -57.79 -72.23 -86.66 -101.09 -115.53 -129.87 -144.45
-20.32 -35.08 -49.85 -64.62 -79.46 -94.40 -109.39 -124.40 -139.40 -154.43
-26.25 -41.38 -56.50 -71.63 -86.87 -102.32 -117.87 -133.41 -148.93 -164.41
-32.36 -47.92 -63.47 -79.02 -94.66 -110.62 -126.64 -142.63 -158.54 -174.38
-38.64 -54.75 -70.83 -86.91 -103.05 -119.42 -135.81 -152.10 -168.27 -184.36
-45.07 -61.85 -78.61 -95.32 -112.02 -128.75 -145.38 -161.83 -178.13 -194.34
-51.59 -69.17 -86.72 -104.17 -121.45 -138.51 -155.26 -171.75 -188.08 -204.33
-58.07 -76.59 -95.07 -113.34 -131.19 -148.52 -165.28 -181.76 -198.08 -214.32
-64.38 -83.99 -103.51 -122.72 -141.26 -158.51 -175.29 -191.77 -208.08 -224.31
-64.38 -91.35 -111.92 -132.08 -151.26 -168.50 -185.29 -201.76 -218.08 -234.31
